0,348
0,347
0,346
0,345
0,344
0,343
83,36
83,35
34,210
34,209
34,208
34,207
34,206
34,205
34,204
34,203
34,202
34,201
34,200
34,199
34,198
34,197
34,196
34,195
34,194
34,193
34,130
34,129
34,127
34,126
34,125
34,101
34,94
34,93
34,92
34,49
34,48
34,47
34,46
34,45
34,44
34,43
34,42
34,41
34,40
34,32
34,30
34,29
34,1
34,27
33,305
33,304
33,303
33,302
33,301
33,300
33,299
33,298
33,297
33,296
33,295
33,294
33,252
33,251
33,250
33,249
33,248
33,247
33,246
33,245
33,244
33,243
33,242
33,241
33,240
33,239
33,238
33,237
33,236
33,235
33,234
33,233
33,232
33,231
33,230
33,229
33,228
33,227
33,226
33,225
33,224
33,223
33,222
33,221
33,220
33,219
33,218
33,217
33,216
33,215
33,214
33,213
33,212
33,211
33,210
33,209
33,208
33,207
33,206
33,205
33,204
33,203
33,202
33,201
33,200
33,199
33,127
33,126
33,125
33,96
33,75
33,74
33,73
33,72
33,71
33,70
33,69
33,68
18,1
33,67
33,66
18,3
33,65
33,64
14,10
14,1
14,3
13,1
14,14
0,575
13,3
0,574
0,573
0,571
0,568
0,567
0,566
0,564
0,563
0,562
0,560
0,559
0,557
0,556
0,554
0,553
0,552
0,551
0,441
0,440
0,438
0,437
0,436
0,432
0,431
0,429
0,423
0,420
0,415
0,412
0,411
0,409
0,408
0,407
0,406
0,404
0,403
0,402
0,401
0,399
0,398
0,397
0,396
2,2
0,389
2,1
0,387
2,3
0,386
0,0
83,34
83,33
83,32
